13
15
18
20
22
24
25
26
26
25
24
22
20
18
16
15
14
14
15
17
20
23
27
30
33
35
36
36
35
32
28
24
20
16
13
11
10
11
14
18
24
30
36
41
45
47
47
45
41
35
29
22
16
11
8
7
8
12
18
26
34
42
49
54
56
55
51
44
35
26
18
11
7
6
9
15
24
35
46
56
64
68
68
63
54
42
30
19
11
7
8
14
25
39
53
66
75
79
77
69
56
40
25
13
7
8
16
31
50
69
86
97
100
94
79
58
35
15
0
-8
-8
1
19
42
66
87
102
107
101
85
61
33
7
-13
-23
-22
-9
13
41
70
96
114
120
113
94
66
34
2
-22
-36
-37
-23
3
36
72
104
128
136
126
99
61
19
-18
-47
-61
-57
-35
1
45
91
131
159
168
154
116
61
0
-56
-98
-118
-111
-75
-16
56
130
196
244
262
241
179
86
-20
-116
-190
-227
-216
-153
-46
89
235
368
468
511
475
349
144
-106
-349
-531
-622
-602
-464
-220
96
448
787
1061
1228
1254
1121
833
420
-68
-564
-994
-1293
-1419
-1348
-1084
-657
-123
449
979
1390
1617
1620
1387
935
315
-396
-1108
-1724
-2158
-2343
-2247
-1866
-1233
-407
524
1457
2289
2925
3284
3315
2994
2340
1410
297
-897
-2038
-2974
-3558
-3670
-3242
-2285
-894
753
2426
3880
4890
5280
4949
3857
2042
-286
-2863
-5379
-7503
-8913
-9350
-8662
-6836
-4011
-478
3333
6891
9705
11208
10916
8560
4200
-1740
-8485
-15187
-20895
-24622
-25335
-22917
-17509
-9892
-647
9379
19235
27616
33103
34475
31426
24726
15316
4518
-6452
-16964
-25621
-30913
-31713
-27670
-19035
-6665
8135
23484
37250
47487
52659
51845
45030
32383
15104
-5174
-26624
-45182
-58639
-65173
-62976
-52013
-33202
-8419
19574
47239
70242
85867
92243
88872
76035
55158
28233
-1417
-31735
-59888
-82415
-96363
-99962
-93240
-77269
-54454
-27091
1996
30632
56537
77023
89489
93177
88300
75606
55325
29128
111
-28985
-56109
-78200
-92944
-98986
-96187
-85318
-68287
-47666
-26413
-7606
2062
2531
912
-654
-1289
-711
841
3049
5268
6957
7607
6802
4332
248
-4951
-10838
-16900
-22623
-27387
-30722
-32178
-31645
-29190
-25028
-19494
-13007
-6046
-125
4928
8661
10729
10884
9046
5451
558
-5065
-10803
-16029
-20312
-23200
-24475
-24141
-22233
-18886
-14280
-8671
-2393
3967
9855
14761
18249
20001
19771
17439
13078
6901
-612
-8494
-15877
-22000
-26108
-27844
-27282
-24487
-19726
-13378
-5926
1529
8758
15121
20068
23136
23946
22459
18837
13434
7633
1832
-4307
-10052
-14731
-17931
-19475
-19287
-17459
-15122
-11786
-8041
-4418
-1353
805
1900
1922
969
-782
-2989
-5225
-7024
-7974
-7773
-6283
-3563
144
4477
9026
13357
17042
19698
21022
20814
19002
15658
10984
5319
-815
-6816
-12095
-16134
-18490
-18880
-17349
-14090
-9415
-3694
2651
9024
14815
19456
22478
23617
22704
19855
15247
9120
2724
-3623
-9386
-14050
-17167
-18414
-17722
-15273
-11318
-6277
-678
4984
10157
14310
17013
17987
17202
14790
11036
6264
865
-4561
-9521
-13495
-16044
-16904
-15992
-13411
-9448
-4493
1021
6549
11530
15413
17704
18307
17122
14293
10350
5756
987
-3367
-7066
-9924
-11813
-12675
-12496
-11319
-9243
-6419
-3054
555
4068
7147
9533
11105
11835
11784
11044
9710
7892
5719
3331
875
-1542
-3769
-5688
-7221
-8322
-8975
-9194
-9022
-8544
-7867
-7118
-6425
-5905
-5648
-5707
-6095
-6774
-7694
-8789
-9989
-11220
-12407
-13478
-14364
-15009
-15371
-15427
-15171
-14617
-13803
-12783
-11626
-10408
-9208
-8104
-7168
-6464
-6043
-5937
-6158
-6694
-7509
-8541
-9710
-10923
-12079
-13074
-13811
-14211
-14221
-13817
-13006
-11822
-10330
-8624
-6820
-5042
-3417
-2062
-1071
-511
-431
-826
-1660
-2858
-4315
-5896
-7449
-8822
-9867
-10468
-10542
-10059
-9038
-7547
-5694
-3632
-1548
359
1916
2984
3472
3337
2594
1313
-379
-2310
-4273
-6055
-7446
-8289
-8493
-8048
-7024
-5549
-3800
-1974
-262
1169
2186
2716
2730
2248
1339
107
-1327
-2826
-4250
-5464
-6353
-6828
-6837
-6371
-5469
-4208
-2706
-1101
457
1331
2052
2601
2961
3124
3090
2870
2486
1973
1369
712
46
-587
-1149
-1612
-1954
-2161
-2228
-2156
-1953
-1636
-1227
-752
-242
266
736
1134
1436
1625
1689
1623
1431
1125
725
258
-245
-745
-1203
-1584
-1861
-2019
-2056
-1976
-1796
-1538
-1228
-891
-553
-239
31
240
380
444
435
359
237
93
-47
-164
-244
-280
-268
-212
-123
-18
85
170
227
250
240
205
154
99
49
11
-11
-16
-10
0
9
15
15
10
4
0
0
